00001    -000.500000
00002    +002.250000
00003    -000.460000
00004    +000.590000
00005    +003.510000
00006    +000.350000
00007    +000.090000
00008    +000.710000
00009    +000.670000
00010    +000.220000
00011    -002.620000
00012    -002.920000
00013    +000.130000
00014    +000.680000
00015    -001.680000
00016    +002.720000
00017    -000.090000
00018    +001.580000
00019    +000.310000
00020    -001.260000
00021    +000.390000
00022    -001.460000
00023    +001.260000
00024    +002.360000
00025    +000.990000
00026    -001.860000
00027    -000.750000
00028    +001.790000
00029    -001.670000
00030    +004.020000
00031    +003.300000
00032    +002.020000
00033    -002.530000
00034    -000.370000
00035    +002.290000
00036    +004.600000
00037    +005.650000
00038    +005.150000
00039    +009.750000
00040    -002.140000
00041    -002.050000
00042    +001.600000
00043    +000.960000
00044    +002.950000
00045    +000.610000
00046    -004.600000
00047    -000.590000
00048    +000.120000
00049    +000.110000
00050    -000.410000
00051    -001.660000
00052    +000.000000
00053    -000.350000
00054    -000.230000
00055    +002.820000
00056    +000.730000
00057    -000.990000
00058    +000.760000
00059    -000.720000
00060    -001.040000
00061    +000.450000
00062    -000.390000
00063    -001.200000
00064    -000.580000
00065    +000.810000
00066    -000.320000
00067    -000.700000
00068    +000.130000
00069    +000.090000
00070    +000.230000
00071    +000.000000
00072    +000.590000
00073    +003.950000
00074    +000.850000
00075    +000.720000
00076    +000.070000
00077    -001.860000
00078    +000.740000
00079    +002.170000
00080    -000.450000
00081    +002.130000
00082    -002.210000
00083    -001.450000
00084    -001.110000
00085    -001.970000
00086    -000.850000
00087    +000.050000
00088    +000.580000
00089    -000.580000
00090    +000.000000
00091    +002.850000
00092    +001.360000
00093    -000.550000
00094    -000.490000
00095    -000.740000
00096    +001.680000
00097    +001.050000
00098    -002.680000
00099    +002.800000
00100    -000.630000
00101    +000.650000
00102    +001.860000
00103    +000.250000
00104    +000.000000
00105    -002.440000
00106    +000.000000
00107    +003.890000
00108    +001.710000
00109    +004.160000
00110    +003.540000
00111    -000.820000
00112    +002.950000
00113    +003.610000
00114    +000.150000
00115    +004.090000
00116    +001.050000
00117    -000.150000
00118    -001.100000
00119    -001.150000
00120    -000.300000
00121    -001.040000
00122    -001.060000
00123    +004.150000
00124    -000.750000
00125    -001.350000
00126    -000.330000
00127    -001.990000
00128    +001.780000
00129    +000.520000
00130    +003.590000
00131    -001.060000
00132    -001.420000
00133    +000.060000
00134    -002.770000
00135    -002.060000
00136    +005.340000
00137    +002.620000
00138    -002.190000
00139    -000.230000
00140    -003.640000
00141    -004.290000
00142    -000.350000
00143    -001.430000
00144    -000.530000
00145    -000.120000
00146    -000.570000
00147    -000.400000
00148    +002.600000
00149    -000.810000
00150    -001.210000
00151    -002.110000
00152    -000.080000
00153    +002.520000
00154    -003.120000
00155    -000.270000
00156    -000.660000
00157    +001.320000
00158    +002.730000
00159    -000.160000
00160    +001.510000
00161    -000.250000
00162    +000.940000
00163    -000.930000
00164    -000.120000
00165    +003.050000
00166    -002.600000
00167    -000.920000
00168    -000.570000
00169    +005.180000
00170    -002.420000
00171    +001.690000
00172    -004.490000
00173    +002.400000
00174    -002.200000
00175    +006.190000
00176    +001.010000
00177    -000.430000
00178    +000.000000
00179    +000.290000
00180    -000.200000
00181    +004.170000
00182    +003.050000
00183    +001.870000
00184    +002.750000
00185    +003.520000
00186    +001.580000
00187    -000.390000
00188    +000.000000
00189    +000.600000
00190    -000.590000
00191    -000.420000
00192    -000.440000
00193    -000.200000
00194    +000.220000
00195    +000.590000
00196    +001.210000
00197    +003.930000
00198    +002.110000
00199    -000.160000
00200    +000.310000
00201    +002.000000
00202    -001.710000
00203    +000.730000
00204    +002.740000
00205    +000.590000
00206    +000.940000
00207    +000.560000
00208    -000.460000
00209    -000.440000
00210    +000.340000
00211    -000.230000
00212    -000.630000
00213    +001.250000
00214    -000.590000
00215    +001.430000
00216    -000.830000
00217    +001.540000
00218    +001.410000
00219    -002.250000
00220    -002.490000
00221    +000.910000
00222    +000.360000
00223    +000.980000
00224    +000.560000
00225    -001.450000
00226    +002.290000
00227    -002.870000
00228    -001.990000
00229    +003.910000
00230    +002.810000
00231    +005.320000
00232    -001.120000
00233    -000.720000
00234    -000.800000
00235    +000.660000
00236    +012.610000
00237    +000.000000
00238    +007.670000
00239    +000.350000
00240    +000.960000
00241    -000.250000
00242    -000.650000
00243    +001.090000
00244    +000.000000
00245    -000.050000
00246    -000.080000
00247    +000.030000
00248    +000.100000
00249    -000.500000
00250    +000.130000
00251    -000.450000
00252    +000.830000
00253    -001.100000
00254    +002.540000
00255    -001.520000
00256    +000.000000
00257    -000.900000
00258    +000.480000
00259    +000.660000
00260    -000.600000
00261    +000.380000
00262    -000.030000
00263    +001.800000
00264    -001.870000
00265    +000.380000
00266    +000.000000
00267    +001.280000
00268    +000.830000
00269    -002.320000
00270    -000.130000
00271    -002.580000
00272    +002.110000 
