00001    +000.015846
00002    +000.001787
00003    -000.007347
00004    -000.001877
00005    +000.007239
00006    -000.004674
00007    -000.016694
00008    -000.021031
00009    +000.006441
00010    +000.007568
00011    +000.009589
00012    +000.001265
00013    -000.006204
00014    +000.003134
00015    -000.007128
00016    -000.016903
00017    +000.011593
00018    +000.000121
00019    +000.005316
00020    +000.006458
00021    +000.017749
00022    -000.005832
00023    -000.002837
00024    -000.007484
00025    -000.005807
00026    -000.011347
00027    -000.006791
00028    +000.013057
00029    -000.000207
00030    -000.000373
00031    -000.005615
00032    +000.000391
00033    -000.003075
00034    -000.011928
00035    +000.007052
00036    +000.000574
00037    +000.011885
00038    -000.010861
00039    +000.008659
00040    +000.006734
00041    -000.002838
00042    -000.008647
00043    -000.005194
00044    -000.005826
00045    -000.001240
00046    -000.003501
00047    -000.002016
00048    -000.006332
00049    +000.001259
00050    -000.001980
00051    +000.008823
00052    +000.012818
00053    +000.013249
00054    -000.000970
00055    +000.011496
00056    -000.001755
00057    -000.012209
00058    +000.010010
00059    -000.000344
00060    -000.005130
00061    -000.007891
00062    -000.009819
00063    +000.005221
00064    -000.012056
00065    +000.012309
00066    -000.001871
00067    +000.004988
00068    -000.005685
00069    -000.005982
00070    +000.002346
00071    -000.020895
00072    -000.024915
00073    +000.002846
00074    +000.013163
00075    -000.009182
00076    -000.007636
00077    +000.004217
00078    +000.012677
00079    +000.006563
00080    +000.006037
00081    +000.005365
00082    -000.003511
00083    +000.012725
00084    -000.005458
00085    -000.005902
00086    -000.014964
00087    +000.011008
00088    +000.002715
00089    +000.006119
00090    +000.007957
00091    -000.003735
00092    +000.011608
00093    +000.012510
00094    -000.007494
00095    -000.002511
00096    +000.018987
00097    +000.012464
00098    +000.020833
00099    -000.003060
00100    -000.007259
00101    -000.001809
00102    -000.003523
00103    -000.005339
00104    -000.001664
00105    -000.006135
00106    +000.000085
00107    -000.008532
00108    -000.008339
00109    +000.000360
00110    -000.010696
00111    -000.004138
00112    -000.005493
00113    +000.012367
00114    -000.003389
00115    -000.001813
00116    -000.005017
00117    -000.009032
00118    -000.013535
00119    +000.015506
00120    -000.000955
00121    +000.001747
00122    +000.004851
00123    -000.010967
00124    +000.004933
00125    +000.009115
00126    +000.014727
00127    -000.011587
00128    +000.014684
00129    +000.005795
00130    +000.000647
00131    +000.002016
00132    +000.010986
00133    -000.002882
00134    +000.018892
00135    +000.009358
00136    +000.008344
00137    +000.010731
00138    -000.001181
00139    +000.007861
00140    +000.013756
00141    +000.008796
00142    -000.005732
00143    +000.004672
00144    -000.016735
00145    +000.001552
00146    -000.002767
00147    +000.002872
00148    +000.019034
00149    +000.005678
00150    +000.000824
00151    +000.008025
00152    +000.004568
00153    +000.018155
00154    +000.004776
00155    +000.003615
00156    +000.004890
00157    -000.011358
00158    -000.000984
00159    +000.011236
00160    +000.016084
00161    +000.024493
00162    -000.007391
00163    -000.007290
00164    +000.005757
00165    +000.002859
00166    -000.007574
00167    +000.000839
00168    +000.010728
00169    -000.013564
00170    -000.014945
00171    +000.011158
00172    -000.002637
00173    -000.012887
00174    +000.014723
00175    -000.006449
00176    +000.007971
00177    +000.001612
00178    +000.003457
00179    +000.008627
00180    -000.003759
00181    -000.028188
00182    -000.003205
00183    -000.004440
00184    -000.008941
00185    +000.000949
00186    +000.009493
00187    +000.000613
00188    +000.014819
00189    -000.000958
00190    +000.007617
00191    -000.007021
00192    +000.026965
00193    +000.001715
00194    -000.004708
00195    +000.009608
00196    -000.000642
00197    +000.000485
00198    +000.003144
00199    -000.000328
00200    -000.000688
00201    +000.002096
00202    +000.012473
00203    -000.014922
00204    +000.000156
00205    -000.013574
00206    +000.009777
00207    -000.004872
00208    -000.004308
00209    +000.000594
00210    -000.008477
00211    -000.008281
00212    +000.001299
00213    -000.009812
00214    -000.014296
00215    -000.002257
00216    -000.002686
00217    -000.005619
00218    +000.003227
00219    +000.002595
00220    +000.004955
00221    -000.001835
00222    -000.007619
00223    +000.009353
00224    +000.003370
00225    +000.010041
00226    +000.009781
00227    -000.012875
00228    -000.004539
00229    -000.009135
00230    -000.002775
00231    +000.012063
00232    -000.005751
00233    -000.015952
00234    -000.004758
00235    -000.003700
00236    -000.009723
00237    +000.009421
00238    +000.011003
00239    -000.012712
00240    +000.013566
00241    -000.002637
00242    +000.003036
00243    +000.008774
00244    +000.001108
00245    -000.003802
00246    +000.013740
00247    -000.000271
00248    -000.000219
00249    -000.006706
00250    -000.014929
00251    -000.007283
00252    -000.020013
00253    +000.006439
00254    -000.022523
00255    -000.003201
00256    +000.012833
00257    +000.019477
00258    -000.034371
00259    -000.012978
00260    +000.001010
00261    +000.003172
00262    -000.009288
00263    -000.007930
00264    +000.011937
00265    +000.001981
00266    +000.001733
00267    -000.015443
00268    -000.008705
00269    +000.004252
00270    -000.002671
00271    -000.008626
00272    +000.002330
00273    -000.000683
00274    +000.000657
00275    -000.012909
00276    -000.010052
00277    -000.014578
00278    +000.006165
00279    -000.003150
00280    +000.012903
00281    +000.004883
00282    +000.006196
00283    -000.003418
00284    -000.012968
00285    +000.003609
00286    -000.003098
00287    -000.018235
00288    +000.025000
00289    +000.002909
00290    +000.013051
00291    +000.007159
00292    -000.012456
00293    -000.013545
00294    -000.009570
00295    -000.009619
00296    +000.006951
00297    -000.000500
00298    -000.024889
00299    +000.010292
00300    -000.008813
00301    +000.000700
00302    -000.007153
00303    +000.007194
00304    +000.003024
00305    -000.001159
00306    -000.004366
00307    -000.002107
00308    +000.009329
00309    +000.028674
00310    +000.005346
00311    -000.009049
00312    +000.004762
00313    +000.008444
00314    +000.021836
00315    +000.011813
00316    -000.003970
00317    +000.000586
00318    +000.000755
00319    +000.005740
00320    -000.006296
00321    +000.002040
00322    -000.010008
00323    -000.010115
00324    -000.012939
00325    +000.001931
00326    +000.000288
00327    -000.007832
00328    +000.010722
00329    +000.004611
00330    +000.015938
00331    -000.002565
00332    +000.008219
00333    +000.002423
00334    -000.002229
00335    -000.010682
00336    -000.009105
00337    +000.013661
00338    -000.009647
00339    -000.009494
00340    +000.010715
00341    -000.000778
00342    +000.000770
00343    +000.000005
00344    +000.003444
00345    +000.007749
00346    +000.017909
00347    +000.008182
00348    -000.007077
00349    -000.001291
00350    +000.008657
00351    -000.012761
00352    +000.008402
00353    -000.004065
00354    +000.002176
00355    -000.004826
00356    -000.005728
00357    -000.016671
00358    -000.005017
00359    +000.001862
00360    +000.006528
00361    -000.001135
00362    +000.011433
00363    -000.020448
00364    +000.004444
00365    -000.006979
00366    -000.004596
00367    -000.006258
00368    +000.001806
00369    +000.008074
00370    -000.003971
00371    -000.011746
00372    +000.007885
00373    +000.006554
00374    -000.014611
00375    -000.019751
00376    +000.005066
00377    +000.003348
00378    -000.006940
00379    +000.003154
00380    +000.001270
00381    +000.001853
00382    +000.005433
00383    -000.021662
00384    +000.005444
00385    -000.001615
00386    +000.006653
00387    -000.009289
00388    +000.005527
00389    -000.008848
00390    -000.005062
00391    +000.001549
00392    +000.001324
00393    -000.005098
00394    +000.008225
00395    -000.002805
00396    +000.004986
00397    -000.027213
00398    -000.001362
00399    +000.008470
00400    +000.018619
00401    -000.002729
00402    +000.011004
00403    +000.004037
00404    +000.003141
00405    -000.005605
00406    -000.001593
00407    +000.001017
00408    +000.004238
00409    +000.000495
00410    -000.008869
00411    +000.022046
00412    -000.011603
00413    +000.017426
00414    +000.005249
00415    +000.011029
00416    -000.009240
00417    -000.000582
00418    -000.018831
00419    -000.018878
00420    +000.004889
00421    +000.015964
00422    +000.006579
00423    +000.003733
00424    -000.009339
00425    -000.014838
00426    +000.020450
00427    -000.000723
00428    +000.011122
00429    -000.000755
00430    +000.003304
00431    +000.012852
00432    +000.015272
00433    +000.007708
00434    +000.005736
00435    +000.018196
00436    +000.001063
00437    -000.003260
00438    +000.006230
00439    -000.000008
00440    -000.000146
00441    +000.003969
00442    -000.007244
00443    -000.009887
00444    +000.021848
00445    -000.000216
00446    +000.004598
00447    -000.011093
00448    +000.011564
00449    -000.001482
00450    +000.000494
00451    +000.005610
00452    +000.014849
00453    +000.001257
00454    +000.004842
00455    -000.008228
00456    +000.000627
00457    +000.001533
00458    -000.003511
00459    +000.004997
00460    +000.001204
00461    +000.005120
00462    -000.005435
00463    +000.002829
00464    +000.006991
00465    +000.019508
00466    -000.002784
00467    -000.003437
00468    -000.000484
00469    +000.007553
00470    +000.001916
00471    -000.016474
00472    +000.001869
00473    +000.002369
00474    -000.007650
00475    -000.018116
00476    +000.003494
00477    +000.019035
00478    +000.015803
00479    +000.010488
00480    +000.004325
00481    -000.006408
00482    +000.012178
00483    -000.015048
00484    -000.002723
00485    +000.003840
00486    +000.014094
00487    +000.001779
00488    +000.012840
00489    -000.007838
00490    +000.002511
00491    -000.010345
00492    +000.007176
00493    +000.009102
00494    -000.003953
00495    +000.009575
00496    -000.000177
00497    +000.006031
00498    -000.008444
00499    -000.004302
00500    +000.005538
00501    -000.009477
00502    -000.008406
00503    -000.002692
00504    +000.001002
00505    -000.002760
00506    -000.000269
00507    -000.000357
00508    +000.013471
00509    +000.001606
00510    +000.000315
00511    +000.007704
00512    -000.003914
00513    -000.007321
00514    +000.004432
00515    -000.013502
00516    -000.001005
00517    -000.016616
00518    +000.000870
00519    +000.002441
00520    -000.003700
00521    -000.015714
00522    +000.022578
00523    -000.012437
00524    -000.000769
00525    -000.005222
00526    +000.024532
00527    +000.010901
00528    +000.001526
00529    -000.015560
00530    +000.004115
00531    -000.004469
00532    +000.005570
00533    -000.007150
00534    -000.010696
00535    -000.004175
00536    +000.002578
00537    -000.000815
00538    -000.006835
00539    -000.019617
00540    +000.002255
00541    +000.006856
00542    -000.003569
00543    -000.000177
00544    -000.007020
00545    +000.008896
00546    +000.003227
00547    +000.001014
00548    -000.007229
00549    +000.008308
00550    -000.012448
00551    +000.011845
00552    -000.002201
00553    -000.006614
00554    -000.007823
00555    +000.001822
00556    +000.017118
00557    +000.000411
00558    +000.005510
00559    +000.017928
00560    +000.004991
00561    -000.013321
00562    +000.001306
00563    -000.007918
00564    +000.003686
00565    -000.012191
00566    +000.006840
00567    +000.016395
00568    +000.009122
00569    +000.003017
00570    -000.006603
00571    +000.010410
00572    +000.005138
00573    -000.000320
00574    +000.007901
00575    +000.003719
00576    +000.018486
00577    -000.007436
00578    -000.005892
00579    -000.011660
00580    +000.018538
00581    -000.003114
00582    -000.014752
00583    +000.017345
00584    -000.004471
00585    -000.014620
00586    +000.002443
00587    -000.014614
00588    -000.007246
00589    -000.024675
00590    +000.014451
00591    -000.000107
00592    +000.014975
00593    -000.000002
00594    +000.009943
00595    +000.003478
00596    -000.000410
00597    -000.006428
00598    -000.015449
00599    -000.002250
00600    -000.012048 
