00001    -000.930000
00002    +000.310000
00003    +001.150000
00004    +001.320000
00005    +000.260000
00006    +000.060000
00007    -001.010000
00008    +000.320000
00009    -000.080000
00010    -001.390000
00011    -000.480000
00012    -000.800000
00013    +000.250000
00014    -000.380000
00015    -000.550000
00016    +001.400000
00017    +000.690000
00018    +000.650000
00019    +000.790000
00020    -001.030000
00021    +000.000000
00022    +000.660000
00023    +001.090000
00024    -000.280000
00025    -000.390000
00026    -000.400000
00027    -001.110000
00028    +000.490000
00029    -001.240000
00030    -000.130000
00031    +000.040000
00032    +000.140000
00033    -000.360000
00034    +000.290000
00035    -000.230000
00036    -000.300000
00037    +001.200000
00038    -000.330000
00039    -000.820000
00040    -000.200000
00041    -000.080000
00042    -000.320000
00043    +000.450000
00044    -000.330000
00045    +001.080000
00046    -001.330000
00047    +002.410000
00048    +000.630000
00049    +002.730000
00050    +000.160000
00051    +000.420000
00052    +000.740000
00053    +000.280000
00054    -001.180000
00055    +000.190000
00056    +000.210000
00057    -000.460000
00058    -001.060000
00059    -000.700000
00060    +001.540000
00061    +000.340000
00062    +000.620000
00063    -000.020000
00064    -000.850000
00065    +000.520000
00066    +000.580000
00067    +000.400000
00068    -000.400000
00069    +000.810000
00070    +000.290000
00071    -000.360000
00072    -000.650000
00073    -000.670000
00074    +000.570000
00075    -000.480000
00076    +000.920000
00077    -000.020000
00078    +000.400000
00079    +001.910000
00080    -000.130000
00081    +000.210000
00082    -000.210000
00083    -000.290000
00084    +000.580000
00085    -001.270000
00086    +001.040000
00087    -001.260000
00088    +000.070000
00089    -000.740000
00090    +000.310000
00091    +001.440000
00092    -000.160000
00093    -000.470000
00094    +000.710000
00095    -001.350000
00096    +001.290000
00097    +000.370000
00098    -000.280000
00099    +000.320000
00100    -001.530000
00101    -000.410000
00102    +001.370000
00103    +000.220000
00104    +001.220000
00105    -001.180000
00106    +001.100000
00107    -000.130000
00108    -000.480000
00109    -001.350000
00110    -000.120000
00111    -001.360000
00112    +001.440000
00113    +000.740000
00114    -001.510000
00115    +000.620000
00116    +001.460000
00117    -000.310000
00118    -001.630000
00119    -001.550000
00120    +000.370000
00121    +000.150000
00122    -000.640000
00123    -001.380000
00124    +001.660000
00125    -000.330000
00126    +000.050000
00127    -000.460000
00128    +000.640000
00129    -000.250000
00130    -000.050000
00131    +001.310000
00132    +002.450000
00133    +001.450000
00134    -000.950000
00135    +000.490000
00136    +001.670000
00137    +000.170000
00138    +000.880000
00139    -000.350000
00140    -000.990000
00141    -000.190000
00142    -000.270000
00143    +000.040000
00144    +000.640000
00145    +000.870000
00146    +002.020000
00147    -001.500000
00148    -000.240000
00149    -000.490000
00150    +001.070000
00151    -001.470000
00152    -000.020000
00153    +000.520000
00154    -001.280000
00155    -001.270000
00156    -000.680000
00157    +000.580000
00158    +002.410000
00159    -000.380000
00160    -000.190000
00161    +001.930000
00162    +000.470000
00163    -001.070000
00164    +000.560000
00165    -000.740000
00166    -000.700000
00167    -000.950000
00168    +000.020000
00169    +002.860000
00170    -000.860000
00171    -000.080000
00172    -001.950000
00173    +000.220000
00174    +000.110000
00175    +002.540000
00176    +000.210000
00177    -001.220000
00178    +001.420000
00179    +000.490000
00180    -000.270000
00181    +001.150000
00182    +001.050000
00183    +002.340000
00184    -000.140000
00185    -000.150000
00186    +000.650000
00187    +000.530000
00188    -000.670000
00189    +001.080000
00190    +000.260000
00191    -001.560000
00192    +000.180000
00193    +000.060000
00194    +003.280000
00195    +001.100000
00196    -000.730000
00197    -000.470000
00198    +000.490000
00199    -000.480000
00200    -000.490000
00201    +000.460000
00202    -000.350000
00203    -000.380000
00204    +000.350000
00205    +000.720000
00206    +000.520000
00207    -000.060000
00208    +000.520000
00209    +001.680000
00210    +000.450000
00211    +000.080000
00212    +000.700000
00213    -000.200000
00214    +000.160000
00215    -000.520000
00216    +000.820000
00217    -000.650000
00218    +000.820000
00219    +000.320000
00220    +000.390000
00221    -001.230000
00222    +000.800000
00223    +001.960000
00224    -000.900000
00225    -001.110000
00226    +001.670000
00227    +000.690000
00228    +001.670000
00229    +003.480000
00230    -000.020000
00231    -000.790000
00232    +001.020000
00233    +000.210000
00234    -001.110000
00235    -000.610000
00236    +000.590000
00237    +001.180000
00238    +001.100000
00239    +001.770000
00240    -000.960000
00241    -000.920000
00242    +000.260000
00243    +000.010000
00244    -002.390000
00245    +000.340000
00246    +000.420000
00247    +001.220000
00248    +000.200000
00249    -000.520000
00250    +000.100000
00251    -002.700000
00252    -000.170000
00253    +001.250000
00254    +000.880000
00255    -000.330000
00256    +000.160000
00257    +001.740000
00258    +000.190000
00259    +000.260000
00260    +001.350000
00261    +000.410000
00262    -000.320000
00263    -000.460000
00264    -001.870000
00265    +000.190000
00266    -000.500000
00267    +000.810000
00268    -000.580000
00269    -000.020000
00270    +000.470000
00271    +001.660000
00272    +000.930000 
