00001    -000.065498
00002    -000.045808
00003    -000.119113
00004    -000.107435
00005    +000.133497
00006    +000.081412
00007    -000.018598
00008    +000.028517
00009    -000.107316
00010    -000.009294
00011    +000.077339
00012    -000.024389
00013    -000.123838
00014    +000.060720
00015    +000.065510
00016    +000.170997
00017    -000.057606
00018    +000.055661
00019    -000.149375
00020    -000.092524
00021    +000.005806
00022    +000.053184
00023    +000.089116
00024    +000.064208
00025    +000.067540
00026    -000.020959
00027    -000.129561
00028    -000.048928
00029    +000.016402
00030    -000.041334
00031    -000.083596
00032    -000.056096
00033    -000.064938
00034    -000.088626
00035    +000.025077
00036    -000.063330
00037    +000.004841
00038    -000.162498
00039    -000.041659
00040    +000.068801
00041    +000.026975
00042    -000.051888
00043    -000.047168
00044    -000.003764
00045    -000.063820
00046    +000.051352
00047    +000.016047
00048    -000.006568
00049    +000.068970
00050    -000.024479
00051    -000.000561
00052    -000.019203
00053    +000.018778
00054    +000.103801
00055    +000.019532
00056    -000.075011
00057    +000.047030
00058    -000.032666
00059    -000.018987
00060    +000.055034
00061    +000.075560
00062    -000.191108
00063    -000.086636
00064    +000.140869
00065    +000.015568
00066    -000.102793
00067    +000.040696
00068    -000.093250
00069    +000.115894
00070    +000.050579
00071    -000.051778
00072    +000.015676
00073    +000.081885
00074    +000.105994
00075    +000.024703
00076    -000.106383
00077    +000.046187
00078    +000.055034
00079    -000.092122
00080    -000.082254
00081    -000.070878
00082    -000.133297
00083    -000.125536
00084    -000.042959
00085    -000.089379
00086    -000.112939
00087    +000.205149
00088    -000.145158
00089    -000.055712
00090    +000.067679
00091    -000.042189
00092    +000.211237
00093    +000.172262
00094    +000.179658
00095    +000.129283
00096    -000.071942
00097    +000.077932
00098    +000.121232
00099    +000.020649
00100    +000.082537
00101    +000.147848
00102    +000.074064
00103    -000.149710
00104    +000.002522
00105    -000.003727
00106    -000.118611
00107    +000.058138
00108    +000.021566
00109    +000.061344
00110    +000.006375
00111    -000.058529
00112    -000.090315
00113    -000.111032
00114    -000.027857
00115    -000.192287
00116    +000.063604
00117    +000.069127
00118    +000.025602
00119    +000.045329
00120    +000.051334
00121    -000.097814
00122    -000.043780
00123    +000.065264
00124    -000.020600
00125    -000.038006
00126    +000.020268
00127    +000.099275
00128    -000.168766
00129    +000.182063
00130    +000.115513
00131    -000.080675
00132    -000.014470
00133    -000.018954
00134    -000.018738
00135    +000.205390
00136    +000.114885
00137    -000.006107
00138    +000.171368
00139    +000.070014
00140    -000.020509
00141    -000.259448
00142    -000.125515
00143    +000.129646
00144    +000.017612
00145    -000.046639
00146    -000.130803
00147    +000.025249
00148    -000.077062
00149    -000.021796
00150    +000.032183
00151    -000.137463
00152    +000.070286
00153    +000.025914
00154    +000.018083
00155    -000.020708
00156    +000.131594
00157    +000.028946
00158    +000.049798
00159    +000.069748
00160    -000.054018
00161    -000.270173
00162    +000.049216
00163    -000.071098
00164    -000.042795
00165    +000.065251
00166    -000.163928
00167    -000.172618
00168    +000.126427
00169    +000.133738
00170    +000.038066
00171    +000.017695
00172    +000.191006
00173    -000.063327
00174    +000.058061
00175    +000.089493
00176    -000.036625
00177    -000.028792
00178    -000.060767
00179    +000.051940
00180    -000.083759
00181    -000.009509
00182    -000.060998
00183    -000.037113
00184    -000.177117
00185    -000.143868
00186    +000.152808
00187    -000.197741
00188    -000.059335
00189    -000.102919
00190    -000.022161
00191    -000.228399
00192    +000.045565
00193    -000.011383
00194    +000.111882
00195    -000.043897
00196    +000.033402
00197    +000.046690
00198    -000.090909
00199    +000.050245
00200    +000.008785
00201    +000.053820
00202    +000.075841
00203    -000.062099
00204    +000.029159
00205    -000.007720
00206    +000.116542
00207    +000.078036
00208    -000.180995
00209    +000.027299
00210    +000.041664
00211    -000.017833
00212    +000.096540
00213    +000.092594
00214    +000.096055
00215    -000.269529
00216    +000.025442
00217    +000.258326
00218    +000.070880
00219    -000.002080
00220    +000.153497
00221    -000.066237
00222    -000.085342
00223    +000.014218
00224    +000.130955
00225    -000.110406
00226    -000.089913
00227    -000.001970
00228    +000.009863
00229    -000.170533
00230    +000.041685
00231    +000.005681
00232    -000.203593
00233    -000.000317
00234    +000.049913
00235    +000.052308
00236    -000.134619
00237    -000.068307
00238    +000.228886
00239    +000.014921
00240    -000.042213
00241    +000.051037
00242    +000.018677
00243    -000.121319
00244    +000.047752
00245    +000.141563
00246    -000.002914
00247    -000.056127
00248    -000.091781
00249    -000.010306
00250    -000.258843
00251    -000.043971
00252    -000.004834
00253    -000.033072
00254    -000.118854
00255    -000.039170
00256    +000.249258
00257    -000.026407
00258    +000.033822
00259    +000.050460
00260    +000.047356
00261    +000.140770
00262    +000.026110
00263    -000.060737
00264    -000.083228
00265    +000.058052
00266    -000.016939
00267    +000.097958
00268    -000.078552
00269    +000.051338
00270    +000.008100
00271    -000.049340
00272    -000.063104
00273    -000.119766
00274    +000.118214
00275    -000.016368
00276    -000.059783
00277    -000.025565
00278    -000.134113
00279    +000.106550
00280    -000.079716
00281    +000.211789
00282    -000.092256
00283    -000.110231
00284    -000.183979
00285    +000.062166
00286    -000.040504
00287    -000.059448
00288    -000.002848
00289    -000.000212
00290    +000.023395
00291    +000.002259
00292    -000.183163
00293    -000.080605
00294    +000.091687
00295    +000.051077
00296    +000.107524
00297    +000.051442
00298    -000.092159
00299    -000.132700
00300    +000.096015
00301    +000.068204
00302    -000.151344
00303    +000.004878
00304    -000.018934
00305    -000.026832
00306    +000.019806
00307    -000.080980
00308    -000.109182
00309    +000.018057
00310    +000.045226
00311    +000.130339
00312    +000.068178
00313    -000.109034
00314    +000.100061
00315    +000.008697
00316    +000.019301
00317    +000.131370
00318    +000.066297
00319    -000.200522
00320    +000.157612
00321    -000.018749
00322    -000.231655
00323    +000.032095
00324    +000.146964
00325    +000.126389
00326    +000.094611
00327    -000.084532
00328    -000.193911
00329    -000.066600
00330    -000.054164
00331    +000.001030
00332    -000.256029
00333    -000.034267
00334    +000.079924
00335    -000.018855
00336    +000.005316
00337    +000.082084
00338    +000.051700
00339    -000.086787
00340    +000.199141
00341    +000.093196
00342    -000.028372
00343    -000.091766
00344    -000.041589
00345    -000.071543
00346    -000.051074
00347    +000.027245
00348    +000.017784
00349    +000.267860
00350    -000.099218
00351    +000.120598
00352    -000.070889
00353    -000.101402
00354    -000.142699
00355    -000.043107
00356    -000.076831
00357    +000.130676
00358    -000.096161
00359    +000.025541
00360    +000.054441
00361    -000.145848
00362    -000.057730
00363    -000.132347
00364    +000.062588
00365    +000.019178
00366    +000.094163
00367    +000.061228
00368    +000.006659
00369    -000.048288
00370    -000.064714
00371    +000.015953
00372    +000.042995
00373    -000.077484
00374    +000.023321
00375    -000.025468
00376    +000.177746
00377    -000.051945
00378    +000.073265
00379    -000.203802
00380    -000.000528
00381    -000.013721
00382    +000.118940
00383    +000.011011
00384    -000.038446
00385    +000.023872
00386    +000.167803
00387    -000.022090
00388    +000.111670
00389    -000.057226
00390    -000.037925
00391    +000.129522
00392    +000.123062
00393    +000.046089
00394    -000.052384
00395    +000.043524
00396    -000.006959
00397    +000.001980
00398    -000.072020
00399    -000.071843
00400    +000.020757
00401    +000.197182
00402    +000.048507
00403    -000.073010
00404    -000.017389
00405    -000.108744
00406    +000.009405
00407    +000.082075
00408    +000.213141
00409    +000.141224
00410    +000.029189
00411    -000.071433
00412    +000.116007
00413    -000.027848
00414    -000.009131
00415    +000.137204
00416    -000.088451
00417    +000.032495
00418    +000.147460
00419    -000.039711
00420    -000.002217
00421    +000.169305
00422    +000.109231
00423    -000.127523
00424    -000.058257
00425    -000.062694
00426    +000.101012
00427    -000.102500
00428    -000.006956
00429    -000.152666
00430    -000.131364
00431    +000.007219
00432    +000.163654
00433    +000.106059
00434    -000.053545
00435    -000.068906
00436    -000.080747
00437    +000.096478
00438    -000.073865
00439    -000.301170
00440    -000.081853
00441    +000.092286
00442    +000.226341
00443    -000.208035
00444    -000.119355
00445    -000.079478
00446    -000.046253
00447    -000.125626
00448    +000.092643
00449    +000.116981
00450    +000.055746
00451    +000.035226
00452    +000.019123
00453    -000.085656
00454    +000.168759
00455    +000.029858
00456    -000.037999
00457    +000.122468
00458    -000.058295
00459    -000.080327
00460    +000.011484
00461    -000.191996
00462    +000.028023
00463    -000.074493
00464    +000.090759
00465    -000.053827
00466    +000.044557
00467    -000.202098
00468    -000.020689
00469    -000.055874
00470    -000.120406
00471    -000.069945
00472    +000.104747
00473    +000.037030
00474    -000.242457
00475    +000.144260
00476    +000.156237
00477    +000.215134
00478    -000.085540
00479    -000.043616
00480    +000.011157
00481    -000.044379
00482    -000.135751
00483    +000.082590
00484    -000.233986
00485    -000.017527
00486    +000.040731
00487    +000.042333
00488    +000.048169
00489    -000.114928
00490    -000.191795
00491    -000.057177
00492    +000.082266
00493    +000.147791
00494    -000.026488
00495    +000.128418
00496    +000.009741
00497    +000.182761
00498    -000.040379
00499    +000.201705
00500    -000.035859
00501    +000.001656
00502    -000.056675
00503    +000.049496
00504    -000.094169
00505    -000.049252
00506    +000.190982
00507    +000.100761
00508    +000.087795
00509    +000.063600
00510    +000.012504
00511    +000.155653
00512    +000.109385
00513    -000.153261
00514    +000.176923
00515    -000.146829
00516    -000.050792
00517    -000.081599
00518    +000.030527
00519    +000.048958
00520    +000.096479
00521    -000.096324
00522    +000.190609
00523    +000.042071
00524    -000.026195
00525    +000.041843
00526    +000.059448
00527    -000.074905
00528    +000.102609
00529    +000.127549
00530    -000.152966
00531    -000.021067
00532    +000.088634
00533    -000.064832
00534    +000.119191
00535    -000.081884
00536    +000.131104
00537    +000.013619
00538    -000.077205
00539    +000.006999
00540    +000.072941
00541    -000.113558
00542    -000.099907
00543    +000.015048
00544    +000.157813
00545    -000.067004
00546    +000.079015
00547    +000.045449
00548    +000.072765
00549    -000.007751
00550    +000.009714
00551    +000.088138
00552    +000.039191
00553    -000.066402
00554    +000.163106
00555    -000.033265
00556    +000.007901
00557    -000.010405
00558    -000.055437
00559    +000.048047
00560    -000.139207
00561    -000.146057
00562    +000.085540
00563    -000.161536
00564    -000.014347
00565    -000.104229
00566    +000.013103
00567    +000.055909
00568    +000.017133
00569    +000.255041
00570    +000.141332
00571    +000.096671
00572    +000.090629
00573    +000.025641
00574    +000.035908
00575    +000.174220
00576    +000.096140
00577    +000.001497
00578    +000.097778
00579    +000.119317
00580    +000.078029
00581    +000.031993
00582    +000.082786
00583    +000.009571
00584    -000.029024
00585    -000.019079
00586    -000.033026
00587    -000.020525
00588    -000.070945
00589    +000.056774
00590    +000.181848
00591    -000.116960
00592    +000.177850
00593    -000.062836
00594    -000.281269
00595    +000.037058
00596    -000.106235
00597    -000.047604
00598    -000.236476
00599    -000.200505
00600    +000.065003 
